3,2
3,1
3,3
10,128
10,180
10,160
10,90
10,14
10,76
10,104
10,306
11,6
11,28
9,6
9,4
8,5
8,11
8,17
8,2
8,3
55,4
55,3
55,2
55,1
55,0
54,3
54,2
54,1
54,0
53,3
53,2
53,1
53,0
52,5
52,4
52,3
52,2
52,1
52,0
51,4
51,3
51,2
51,1
51,0
49,5
49,4
49,3
49,2
49,1
49,0
46,5
46,4
46,3
46,2
46,1
46,0
44,5
44,4
44,3
44,1
42,3
42,1
40,3
2,2
2,1
40,1
2,3
35,3
35,1
32,3
32,1
20,3
20,2
20,1
19,3
19,2
19,1
18,3
18,1
14,3
14,1
13,3
13,1
12,3
12,2
12,1
11,29
11,27
11,26
11,25
11,24
11,23
11,22
11,21
11,20
11,19
11,17
11,16
11,15
11,14
11,13
11,12
11,11
11,9
11,8
11,7
11,5
11,4
